svg = """<svg width="1357" height="2716" viewBox="0 0 1357 2716" fill="none" xmlns="http://www.w3.org/2000/svg">
  <path id="gastrocnemius" d="M380.5 487.137C397.6 477.066 412.213 472.209 436.5 468.521C444.75 467.268 454.2 466.331 457.5 466.439C463.226 466.627 464.008 466.988 474.621 474.334C491.444 485.98 495.996 492.15 494.596 501.414C492.129 517.745 470.299 563.717 442.567 610.985C434.14 625.347 432.55 627.325 427 630.356C421.116 633.57 398.811 640.835 377.5 646.48C368.15 648.957 357.125 652.136 353 653.544C342.67 657.071 318.937 669.217 310.645 675.221C306.874 677.95 303.608 680.003 303.387 679.782C302.671 679.065 304.951 611.843 306.006 602.561C310.743 560.898 319.646 541.969 348.188 512.872C360.206 500.621 367.588 494.742 380.5 487.137Z" fill="#C3BCB4"/>
  <path id="vastus_lateralis" d="M332.633 669.167C340.946 665.562 373.118 654.633 384.5 651.548C391.136 649.749 396.3 649.742 400.568 651.525C407.419 654.388 409.142 664.6 406.552 687.003C402.974 717.961 394.94 756.692 385.487 788.561C377.521 815.419 364.372 854.196 357.512 871.061C348.035 894.361 341.429 906.664 326.144 929.482C318.798 940.447 309.611 955.076 305.728 961.99C297.699 976.287 295.243 980.061 293.97 980.061C292.195 980.061 291.012 972.108 290.021 953.511C287.364 903.667 284.009 884.584 275.459 870.684C273.556 867.591 270.425 862.501 268.501 859.371C259.384 844.547 255.63 822.828 257.179 793.868C258.418 770.689 262.715 754.93 274.503 730.336C282.906 712.804 290.16 701.9 300.686 690.981C310.301 681.007 318.949 675.102 332.633 669.167Z" fill="#C3BCB4"/>
  <path id="rectus_femoris" d="M415.99 683.657C417.135 677.11 418.355 671.296 418.701 670.736C419.685 669.144 420.696 672.884 422.421 684.495C426.65 712.961 426.921 747.499 423.083 769.103C418.838 793.005 408.466 822.865 396.437 845.818C385.663 866.374 371.862 887.061 368.922 887.061C365.039 887.061 370.993 861.478 392.546 785.561C397.699 767.411 402.795 748.736 403.871 744.061C406.673 731.882 413.548 697.614 415.99 683.657Z" fill="#C3BCB4"/>
  <path id="oblique" d="M223.908 944.545C233.012 923.028 249.345 895.913 259.638 885.227C264.748 879.922 264.791 879.902 267.703 881.408C273.179 884.239 279.022 894.974 281.545 906.834C287.597 935.293 281.776 980.952 264.496 1040.56C248.734 1094.93 212.321 1162.4 170.679 1214.38C161.025 1226.43 145.233 1243.06 143.442 1243.06C142.667 1243.06 144.664 1237.59 148.609 1228.9C177.457 1165.36 189.076 1122.85 197.487 1050.06C202.393 1007.61 209.886 977.685 223.908 944.545Z" fill="#C3BCB4"/>
  <path id="serratus_antrior" d="M317.242 951.72C328.525 935.805 354.789 905.219 361.41 900.283C363.091 899.029 365.101 898.129 365.877 898.283C371.975 899.486 375.786 919.613 372.949 935.627C371.46 944.029 369.42 950.041 363.981 962.061C357.969 975.346 353.935 988.062 350.507 1004.53C345.529 1028.45 341.066 1041.89 323.766 1085.06C317.706 1100.19 307.9 1124.94 301.975 1140.06C288.97 1173.26 288.933 1173.35 263.651 1224.06C252.547 1246.34 239.675 1272.33 235.046 1281.83C229.092 1294.04 226.319 1298.78 225.565 1298.03C223.827 1296.29 224.406 1253.03 226.399 1235.64C229.726 1206.62 236.299 1172.85 245.099 1139.56C258.575 1088.6 265.14 1068.06 282.989 1021.06C298.733 979.602 301.628 973.742 317.242 951.72Z" fill="#C3BCB4"/>
  <path id="pectoralis_major" d="M590.008 366.769C591.194 355.759 592.593 349.296 594.22 347.311C594.784 346.624 596.08 346.061 597.1 346.061C601.899 346.061 622.466 355.525 631.016 361.668C641.101 368.913 647.926 381.789 657.464 411.561C668.243 445.208 670.725 458.38 669.663 476.297C669.663 476.297 669.03 486.973 664.925 490.061C659.18 490.061 643.559 478.755 629 464.059C613.949 448.866 601.757 431.536 591.417 410.634C587.544 402.805 587.001 400.897 587.006 395.134C587.009 391.519 587.438 385.954 587.96 382.769C588.482 379.583 589.404 372.383 590.008 366.769Z" fill="#C3BCB4"/>
  <path id="trapezius" d="M515 439.715C522.425 436.576 538.85 428.869 551.5 422.587C564.15 416.305 575.696 411.141 577.157 411.113C579.536 411.066 580.363 412.136 585.042 421.311C593.742 438.367 599.998 446.361 625.933 473.561C640.835 489.189 644.595 494.348 643.383 497.505C642.182 500.636 640.253 500.242 583 485.17C572.275 482.346 558.391 478.692 552.146 477.049C545.901 475.405 539.216 474.061 537.29 474.061C532.11 474.061 522.684 476.735 512.301 481.15C507.242 483.301 502.552 485.061 501.88 485.061C501.207 485.061 498.777 483.099 496.479 480.7C490.505 474.465 480.527 467.938 473.12 465.42L466.739 463.251L471.12 460.485C476.704 456.96 497.605 447.066 515 439.715Z" fill="#C3BCB4"/>
  <path id="trapezius upper" d="M511.916 496.779C519.596 489.534 525.189 485.629 530.89 483.531C539.185 480.477 545.52 481.628 570.5 490.722C580.4 494.327 595.693 499.73 604.484 502.73C633.762 512.721 644.352 518.94 652.965 531.205C662.635 544.974 664.504 554.083 666.164 595.513C667.485 628.505 666.755 642.323 662.963 656.061C657.658 675.284 644.437 692.816 625.133 706.225C612.346 715.107 596.456 719.061 573.545 719.061C549.476 719.061 531.447 714.427 506.712 701.884C484.269 690.503 452.854 667.878 442.593 655.706C438.569 650.933 438.501 650.723 438.545 643.206C438.6 633.975 440.074 630.493 455.587 602.953C466.017 584.436 483.04 549.472 493.752 524.561C500.514 508.836 502.734 505.441 511.916 496.779Z" fill="#C3BCB4"/>
  <path id="wrist_flexors" d="M451.412 749.061C454.048 706.893 455.349 696.855 458.598 693.606C459.448 692.756 460.774 692.061 461.544 692.061C462.315 692.061 471.62 695.478 482.223 699.654C501.272 707.158 528.523 717.157 558.663 727.703C560.953 728.505 563.99 730.324 565.413 731.747C569.06 735.393 568.829 740.515 563.96 764.061C561.742 774.786 557.474 795.936 554.476 811.061C547.882 844.324 546.041 851.208 540.972 861.561C536.426 870.847 529.107 879.95 509.078 901.235C488.304 923.311 482.768 931.529 475.516 951.061C473.984 955.186 472.361 958.969 471.908 959.469C469.952 961.626 464.91 953.917 463.035 945.9C462.477 943.513 460.665 928.961 459.009 913.561C450.363 833.151 448.575 794.428 451.412 749.061Z" fill="#C3BCB4"/>
  <path id="triceps_brachii" d="M490.401 939.422C495.886 931.349 531.311 893.356 539.342 886.931C542.006 884.8 544.593 883.309 545.092 883.618C546.559 884.525 546.144 890.344 543.977 899.248C536.223 931.105 534.858 971.861 540.65 998.561C543.57 1012.02 552.906 1028.18 567.807 1045.56L569 1049.5L565.694 1051.83C557.445 1051.27 544.935 1046.64 535.708 1040.74C522.483 1032.28 509.187 1016.93 497.609 996.761C488.443 980.795 484 968.641 484 959.536C484 953.504 486.79 944.735 490.401 939.422Z" fill="#C3BCB4"/>
  <path id="biceps_brachii" d="M466.584 1041.06C468.392 1030.43 477.6 989.517 478.523 988.023C479.761 986.021 480.979 987.344 487.078 997.311C501.737 1021.27 515.39 1035.98 536.028 1050.08C547.275 1057.76 548.768 1059.14 551.23 1064.08C553.726 1069.09 554.052 1071.11 555.018 1087.56C556.664 1115.6 559.58 1133.26 567.06 1160.53C575.467 1191.17 583.037 1210.81 600.23 1246.56C614.026 1275.25 616 1279.9 616 1283.72C616 1287.64 613.446 1287.52 604.452 1283.21C589.384 1275.98 571.211 1262.59 550.275 1243.29C505.812 1202.29 469.088 1139.25 463.955 1095.1C462.633 1083.72 463.956 1056.53 466.584 1041.06Z" fill="#C3BCB4"/>
  <path id="deltoid" d="M449.039 1154.34C450.725 1146.35 452.789 1138.18 453.624 1136.18C454.784 1133.41 455.339 1132.9 455.972 1134.03C458.72 1138.94 461.144 1262.68 459.056 1291.45C457.467 1313.34 452.486 1363.33 448.941 1392.95C442.697 1445.14 439.547 1476.3 437.771 1503.45C435.879 1532.38 436.143 1613.18 438.246 1649.28C439.912 1677.87 443.982 1769.21 443.867 1775.45C443.82 1778.04 443.693 1778.18 442.935 1776.45C441.329 1772.79 433.954 1745.27 429.881 1727.75C427.67 1718.23 423.433 1701.45 420.467 1690.45C403.39 1627.13 397.992 1601.41 391.507 1552.45C385.564 1507.59 384.738 1481.51 388.341 1452.45C389.159 1445.85 391.205 1429.42 392.888 1415.95C394.571 1402.47 396.643 1385.6 397.493 1378.45C399.706 1359.84 404.232 1334.31 410.524 1304.95C416.967 1274.88 420.37 1261.66 430.469 1227.48C438.192 1201.33 443.674 1179.74 449.039 1154.34Z" fill="#C3BCB4"/>
  <path id="latissimus_dorsi" d="M468.792 1235.45C468.967 1204.71 469.78 1185.67 471.065 1182.2C472.057 1179.52 475.436 1179.21 476.438 1181.7C476.824 1182.66 479.081 1191.1 481.451 1200.45C483.822 1209.8 488.901 1229.6 492.739 1244.45C499.72 1271.47 510.748 1316.85 519.465 1354.45C522.016 1365.45 526.069 1381.42 528.471 1389.95C544.67 1447.43 548.283 1461 553.349 1483.45C557.803 1503.18 561.891 1526.22 562.929 1537.45C564.487 1554.3 564.193 1606.78 562.435 1625.45C559.245 1659.34 552.923 1705.39 548.363 1727.95C543.774 1750.65 535.378 1777.98 531.021 1784.4C529.507 1786.63 526.797 1791.37 524.999 1794.95C520.118 1804.66 467.561 1886.16 459.712 1896.2C458.1 1898.26 456.439 1899.95 456.022 1899.95C455.605 1899.95 454.981 1880.94 454.636 1857.7C453.898 1808.01 450.792 1731.62 447.917 1692.45C444.688 1648.44 443.903 1635.86 442.956 1612.95C441.507 1577.9 443.04 1541.76 448.429 1483.95C449.223 1475.42 450.799 1456.3 451.931 1441.45C454.598 1406.46 457.244 1379.97 460.92 1351.45C467.32 1301.79 468.515 1284.19 468.792 1235.45Z" fill="#C3BCB4"/>
  <path id="trapezius_lower" d="M452.176 1936.95C461.834 1916.28 479.942 1886.25 488.048 1877.46C490.333 1874.98 492.647 1872.95 493.189 1872.95C494.399 1872.95 494.078 1875.31 488.434 1907.95C480.532 1953.64 478.394 1980.61 479.276 2023.45C479.616 2039.95 480.352 2059.3 480.913 2066.45C484.271 2109.31 487.643 2176.73 488.89 2225.95C490.51 2289.89 490.936 2302.49 491.999 2317.95C494.673 2356.81 501.481 2394.06 511.645 2425.45C516.702 2441.07 521.107 2453.12 521.582 2452.65C521.806 2452.43 520.377 2447.11 518.408 2440.85C510.838 2416.75 505.111 2392.4 502.441 2372.95C501.572 2366.62 500.206 2357.12 499.405 2351.83C495.014 2322.84 500.692 2231.72 510.507 2173.62C513.426 2156.35 517.842 2135.84 524.971 2106.45C527.772 2094.9 533.659 2069.25 538.052 2049.45C546.764 2010.19 553.512 1983.89 555.57 1981.18C556.683 1979.72 556.901 1981.14 556.991 1990.45C557.049 1996.5 557.24 2002.35 557.416 2003.45C557.592 2004.55 558.004 2009.95 558.331 2015.45C559.036 2027.3 563.662 2056.1 568.45 2078.45C573.379 2101.46 574.821 2110.51 576.135 2126.67C577.506 2143.54 576.21 2167.51 572.928 2185.95C569.223 2206.78 558.831 2241.77 544.301 2282.34C536.295 2304.69 529.586 2327.79 526.696 2342.95C524.841 2352.68 524.505 2357.92 524.516 2376.95C524.531 2401.89 525.104 2406.16 531.969 2432.45C536.152 2448.47 540.568 2473.29 541.593 2486.54C542.152 2493.77 542.025 2494.71 540.405 2495.33C537.96 2496.27 531.851 2489.71 515.245 2468.31C508.046 2459.04 498.706 2447.17 494.488 2441.95C483.571 2428.43 468.466 2402.97 459.3 2382.66C452.121 2366.75 447.36 2353.28 440.489 2329.45C433.05 2329.45 433.05 2303.65 430.489 2329.45C433.05 2303.65 430.858 2293.07 423.502 2247.45C414.007 2188.56 412.523 2173.22 412.48 2133.45C412.4 2058.71 425.439 1994.16 452.176 1936.95Z" fill="#C3BCB4"/>
  <path id="wrist_flexors_right" d="M177.922 1216.95C187.144 1203.62 223.991 1151.5 228.649 1145.2C234.301 1137.55 234.132 1142.38 227.449 1179.45C222.417 1207.35 220.346 1222.81 218.941 1242.95C218.384 1250.92 217.21 1265.1 216.331 1274.45C214.213 1297 214.748 1305.39 219.282 1320.73C225.587 1342.06 225.325 1358.39 218.463 1371.83C214.824 1378.95 211.993 1382.96 199.218 1399.07C189.155 1411.76 175.957 1430.05 170.068 1439.45C162.6 1451.38 153.793 1464.23 149.649 1469.25C142.723 1477.62 134.919 1479.67 133.374 1473.51C132.534 1470.16 133.591 1467.44 140.606 1454.87C147.306 1442.86 150.998 1433.24 149.323 1432.15C148.732 1431.76 148.027 1430.77 147.756 1429.95C146.834 1427.14 137.098 1444.12 131.417 1458.45C127.675 1467.89 117.207 1489.95 116.469 1489.95C116.144 1489.95 116.343 1489.08 116.913 1488.02C119.075 1483.98 117.81 1484.65 115.436 1488.8C112.606 1493.75 112.218 1495.24 114.503 1492.39C115.993 1490.53 116.012 1490.55 114.953 1492.73C114.345 1493.98 113.469 1494.77 113.007 1494.49C112.545 1494.2 111.408 1495.13 110.48 1496.54C107.219 1501.52 97.8137 1503.48 91.8977 1500.42C89.4927 1499.18 88.9477 1498.26 88.9477 1495.43C88.9477 1491.39 92.1107 1482.53 94.4927 1479.9C95.4117 1478.88 95.8097 1477.54 95.3907 1476.86C94.8767 1476.03 95.0577 1475.9 95.9627 1476.46C96.9327 1477.06 97.1117 1476.82 96.6287 1475.56C96.1857 1474.41 96.3487 1474.08 97.1287 1474.56C97.9097 1475.04 98.0727 1474.72 97.6287 1473.56C97.1857 1472.41 97.3487 1472.08 98.1287 1472.56C98.9097 1473.04 99.0727 1472.72 98.6287 1471.56C98.2667 1470.62 98.3267 1470.07 98.7627 1470.33C99.1977 1470.6 101.89 1466.13 104.745 1460.39C107.6 1454.65 109.719 1449.95 109.453 1449.95C109.187 1449.95 106.962 1453.89 104.509 1458.7C102.056 1463.51 100.026 1467.12 109.437 1447.12C109.437 1447.12 109.437 1447.12 110.019 1448.06C110.419 1448.71 110.912 1448.49 111.297 1447.48C111.664 1446.53 111.514 1446.1 110.937 1446.46C110.393 1446.79 109.948 1446.82 109.948 1446.51C109.948 1445.64 120.033 1427.57 121.144 1426.45C121.688 1425.9 119.802 1429.84 116.952 1435.2C114.102 1440.56 111.983 1444.95 112.244 1444.95C112.505 1444.95 115.661 1439.66 119.257 1433.2C125.51 1421.96 130.948 1409.41 130.948 1406.21C130.948 1402.75 127.756 1407.75 119.919 1423.51C115.423 1432.55 111.354 1439.7 110.878 1439.41C110.402 1439.11 108.369 1442.15 106.361 1446.16C104.353 1450.17 99.9767 1458.4 96.6367 1464.45C93.2967 1470.5 88.6637 1479.03 86.3407 1483.4C79.8147 1495.69 74.8997 1499.95 67.2647 1499.95C64.4537 1499.95 62.8777 1499.11 59.7097 1495.95C55.8037 1492.04 55.7177 1491.81 56.1297 1486.11C56.4927 1481.09 57.7247 1478.11 64.9127 1464.86C76.5137 1443.47 96.6337 1408.26 100.004 1403.45C104.377 1397.2 111.602 1384.71 112.439 1381.95C113.336 1378.99 113.178 1379.12 108.762 1384.95C100.374 1396.03 89.7897 1412.88 90.4997 1414.03C90.9627 1414.78 90.8417 1415 90.1877 1414.6C88.8057 1413.74 84.5777 1420.54 85.5317 1422.09C85.9557 1422.77 85.8257 1422.99 85.2187 1422.62C84.6317 1422.25 80.5467 1427.72 75.8137 1435.2C66.4657 1449.97 64.7717 1452.95 65.7157 1452.95C66.9537 1452.95 57.4327 1462.12 54.7067 1463.55C50.9667 1465.52 47.1737 1464.37 44.8567 1460.57C40.9897 1454.23 43.1967 1445.45 52.4447 1430.38C66.1857 1408 69.9477 1401.44 69.9477 1399.88C69.9477 1398.01 83.6397 1376.99 87.5227 1372.89C91.5287 1368.67 89.9697 1361.09 85.0367 1360.8C78.5007 1360.41 70.1077 1361.33 64.0567 1363.11C54.5157 1365.91 44.3497 1367.56 37.3637 1367.46C32.2657 1367.39 30.4397 1366.83 26.1047 1364.05C20.6827 1360.57 19.5827 1358.51 20.1237 1352.84C20.4017 1349.93 21.1547 1349.06 25.4477 1346.72C28.1977 1345.22 33.3727 1343.02 36.9477 1341.84C49.2757 1337.74 51.1477 1336.3 63.5847 1321.45C70.6407 1313.02 109.407 1275.2 116.464 1269.86C119.223 1267.77 125.748 1264.44 130.964 1262.45C149.658 1255.32 154.863 1250.27 177.922 1216.95Z" fill="#C3BCB4"/>
</svg>"""